{
 "cells": [
  {
   "cell_type": "markdown",
   "metadata": {},
   "source": [
    "### 1. Menyiapkan Data"
   ]
  },
  {
   "cell_type": "code",
   "execution_count": 1,
   "metadata": {},
   "outputs": [],
   "source": [
    "import numpy as np\n",
    "import pandas as pd\n",
    "import warnings\n",
    "warnings.filterwarnings('ignore')"
   ]
  },
  {
   "cell_type": "code",
   "execution_count": 2,
   "metadata": {},
   "outputs": [],
   "source": [
    "# Import library\n",
    "import numpy as np  \n",
    "import pandas as pd  \n",
    "import random  \n",
    "import tensorflow as tf\n",
    "\n",
    "# Set SEED untuk konsistensi hasil  \n",
    "SEED = 42  \n",
    "np.random.seed(SEED)  \n",
    "random.seed(SEED)  \n",
    "tf.random.set_seed(SEED)  # Untuk konsistensi di TensorFlow\n"
   ]
  },
  {
   "cell_type": "code",
   "execution_count": 3,
   "metadata": {},
   "outputs": [
    {
     "data": {
      "text/html": [
       "<div>\n",
       "<style scoped>\n",
       "    .dataframe tbody tr th:only-of-type {\n",
       "        vertical-align: middle;\n",
       "    }\n",
       "\n",
       "    .dataframe tbody tr th {\n",
       "        vertical-align: top;\n",
       "    }\n",
       "\n",
       "    .dataframe thead th {\n",
       "        text-align: right;\n",
       "    }\n",
       "</style>\n",
       "<table border=\"1\" class=\"dataframe\">\n",
       "  <thead>\n",
       "    <tr style=\"text-align: right;\">\n",
       "      <th></th>\n",
       "      <th>Tahun</th>\n",
       "      <th>Jumlah Penduduk</th>\n",
       "    </tr>\n",
       "  </thead>\n",
       "  <tbody>\n",
       "    <tr>\n",
       "      <th>0</th>\n",
       "      <td>1998</td>\n",
       "      <td>828960</td>\n",
       "    </tr>\n",
       "    <tr>\n",
       "      <th>1</th>\n",
       "      <td>1999</td>\n",
       "      <td>838628</td>\n",
       "    </tr>\n",
       "    <tr>\n",
       "      <th>2</th>\n",
       "      <td>2000</td>\n",
       "      <td>850176</td>\n",
       "    </tr>\n",
       "    <tr>\n",
       "      <th>3</th>\n",
       "      <td>2001</td>\n",
       "      <td>862314</td>\n",
       "    </tr>\n",
       "    <tr>\n",
       "      <th>4</th>\n",
       "      <td>2002</td>\n",
       "      <td>874795</td>\n",
       "    </tr>\n",
       "  </tbody>\n",
       "</table>\n",
       "</div>"
      ],
      "text/plain": [
       "   Tahun  Jumlah Penduduk\n",
       "0   1998           828960\n",
       "1   1999           838628\n",
       "2   2000           850176\n",
       "3   2001           862314\n",
       "4   2002           874795"
      ]
     },
     "execution_count": 3,
     "metadata": {},
     "output_type": "execute_result"
    }
   ],
   "source": [
    "# Data\n",
    "data = pd.read_excel('C:/Users/ASUS/OneDrive - uny.ac.id/SKRIPSI/jpsleman.xlsx')\n",
    "data.head()"
   ]
  },
  {
   "cell_type": "code",
   "execution_count": 4,
   "metadata": {},
   "outputs": [
    {
     "data": {
      "text/html": [
       "<div>\n",
       "<style scoped>\n",
       "    .dataframe tbody tr th:only-of-type {\n",
       "        vertical-align: middle;\n",
       "    }\n",
       "\n",
       "    .dataframe tbody tr th {\n",
       "        vertical-align: top;\n",
       "    }\n",
       "\n",
       "    .dataframe thead th {\n",
       "        text-align: right;\n",
       "    }\n",
       "</style>\n",
       "<table border=\"1\" class=\"dataframe\">\n",
       "  <thead>\n",
       "    <tr style=\"text-align: right;\">\n",
       "      <th></th>\n",
       "      <th>Tahun</th>\n",
       "      <th>Jumlah Penduduk</th>\n",
       "    </tr>\n",
       "  </thead>\n",
       "  <tbody>\n",
       "    <tr>\n",
       "      <th>22</th>\n",
       "      <td>2020</td>\n",
       "      <td>1125804</td>\n",
       "    </tr>\n",
       "    <tr>\n",
       "      <th>23</th>\n",
       "      <td>2021</td>\n",
       "      <td>1136474</td>\n",
       "    </tr>\n",
       "    <tr>\n",
       "      <th>24</th>\n",
       "      <td>2022</td>\n",
       "      <td>1147562</td>\n",
       "    </tr>\n",
       "    <tr>\n",
       "      <th>25</th>\n",
       "      <td>2023</td>\n",
       "      <td>1157290</td>\n",
       "    </tr>\n",
       "    <tr>\n",
       "      <th>26</th>\n",
       "      <td>2024</td>\n",
       "      <td>1125571</td>\n",
       "    </tr>\n",
       "  </tbody>\n",
       "</table>\n",
       "</div>"
      ],
      "text/plain": [
       "    Tahun  Jumlah Penduduk\n",
       "22   2020          1125804\n",
       "23   2021          1136474\n",
       "24   2022          1147562\n",
       "25   2023          1157290\n",
       "26   2024          1125571"
      ]
     },
     "execution_count": 4,
     "metadata": {},
     "output_type": "execute_result"
    }
   ],
   "source": [
    "data.tail()"
   ]
  },
  {
   "cell_type": "code",
   "execution_count": 5,
   "metadata": {},
   "outputs": [
    {
     "data": {
      "text/html": [
       "<div>\n",
       "<style scoped>\n",
       "    .dataframe tbody tr th:only-of-type {\n",
       "        vertical-align: middle;\n",
       "    }\n",
       "\n",
       "    .dataframe tbody tr th {\n",
       "        vertical-align: top;\n",
       "    }\n",
       "\n",
       "    .dataframe thead th {\n",
       "        text-align: right;\n",
       "    }\n",
       "</style>\n",
       "<table border=\"1\" class=\"dataframe\">\n",
       "  <thead>\n",
       "    <tr style=\"text-align: right;\">\n",
       "      <th></th>\n",
       "      <th>Tahun</th>\n",
       "      <th>Jumlah Penduduk</th>\n",
       "    </tr>\n",
       "  </thead>\n",
       "  <tbody>\n",
       "    <tr>\n",
       "      <th>count</th>\n",
       "      <td>27.000000</td>\n",
       "      <td>2.700000e+01</td>\n",
       "    </tr>\n",
       "    <tr>\n",
       "      <th>mean</th>\n",
       "      <td>2011.000000</td>\n",
       "      <td>1.048393e+06</td>\n",
       "    </tr>\n",
       "    <tr>\n",
       "      <th>std</th>\n",
       "      <td>7.937254</td>\n",
       "      <td>1.343984e+05</td>\n",
       "    </tr>\n",
       "    <tr>\n",
       "      <th>min</th>\n",
       "      <td>1998.000000</td>\n",
       "      <td>8.289600e+05</td>\n",
       "    </tr>\n",
       "    <tr>\n",
       "      <th>25%</th>\n",
       "      <td>2004.500000</td>\n",
       "      <td>9.005980e+05</td>\n",
       "    </tr>\n",
       "    <tr>\n",
       "      <th>50%</th>\n",
       "      <td>2011.000000</td>\n",
       "      <td>1.107304e+06</td>\n",
       "    </tr>\n",
       "    <tr>\n",
       "      <th>75%</th>\n",
       "      <td>2017.500000</td>\n",
       "      <td>1.152426e+06</td>\n",
       "    </tr>\n",
       "    <tr>\n",
       "      <th>max</th>\n",
       "      <td>2024.000000</td>\n",
       "      <td>1.231246e+06</td>\n",
       "    </tr>\n",
       "  </tbody>\n",
       "</table>\n",
       "</div>"
      ],
      "text/plain": [
       "             Tahun  Jumlah Penduduk\n",
       "count    27.000000     2.700000e+01\n",
       "mean   2011.000000     1.048393e+06\n",
       "std       7.937254     1.343984e+05\n",
       "min    1998.000000     8.289600e+05\n",
       "25%    2004.500000     9.005980e+05\n",
       "50%    2011.000000     1.107304e+06\n",
       "75%    2017.500000     1.152426e+06\n",
       "max    2024.000000     1.231246e+06"
      ]
     },
     "execution_count": 5,
     "metadata": {},
     "output_type": "execute_result"
    }
   ],
   "source": [
    "data.describe()"
   ]
  },
  {
   "cell_type": "code",
   "execution_count": 6,
   "metadata": {},
   "outputs": [
    {
     "data": {
      "text/plain": [
       "array([ 828960,  838628,  850176,  862314,  874795,  884727,  895327,\n",
       "        905869,  915876, 1041951, 1040220, 1074673, 1093110, 1107304,\n",
       "       1114833, 1141733, 1163970, 1167481, 1180479, 1193512, 1206714,\n",
       "       1231246, 1125804, 1136474, 1147562, 1157290, 1125571], dtype=int64)"
      ]
     },
     "execution_count": 6,
     "metadata": {},
     "output_type": "execute_result"
    }
   ],
   "source": [
    "data = data.iloc[:, 1].values\n",
    "data"
   ]
  },
  {
   "cell_type": "markdown",
   "metadata": {},
   "source": [
    "### 2. Fuzzifikasi Menggunakan Fuzzy C-Means (FCM)"
   ]
  },
  {
   "cell_type": "code",
   "execution_count": 7,
   "metadata": {},
   "outputs": [],
   "source": [
    "# Parameter\n",
    "num_clusters = 3  # Jumlah cluster\n",
    "beta = 2.0        # Parameter fuzziness\n",
    "max_iter = 100    # Iterasi maksimum\n",
    "tol = 1e-5        # Toleransi konvergensi"
   ]
  },
  {
   "cell_type": "code",
   "execution_count": 8,
   "metadata": {},
   "outputs": [
    {
     "data": {
      "text/html": [
       "<div>\n",
       "<style scoped>\n",
       "    .dataframe tbody tr th:only-of-type {\n",
       "        vertical-align: middle;\n",
       "    }\n",
       "\n",
       "    .dataframe tbody tr th {\n",
       "        vertical-align: top;\n",
       "    }\n",
       "\n",
       "    .dataframe thead th {\n",
       "        text-align: right;\n",
       "    }\n",
       "</style>\n",
       "<table border=\"1\" class=\"dataframe\">\n",
       "  <thead>\n",
       "    <tr style=\"text-align: right;\">\n",
       "      <th></th>\n",
       "      <th>0</th>\n",
       "      <th>1</th>\n",
       "      <th>2</th>\n",
       "    </tr>\n",
       "  </thead>\n",
       "  <tbody>\n",
       "    <tr>\n",
       "      <th>0</th>\n",
       "      <td>0.097843</td>\n",
       "      <td>0.627614</td>\n",
       "      <td>0.274543</td>\n",
       "    </tr>\n",
       "    <tr>\n",
       "      <th>1</th>\n",
       "      <td>0.729092</td>\n",
       "      <td>0.135465</td>\n",
       "      <td>0.135443</td>\n",
       "    </tr>\n",
       "    <tr>\n",
       "      <th>2</th>\n",
       "      <td>0.020012</td>\n",
       "      <td>0.672618</td>\n",
       "      <td>0.307370</td>\n",
       "    </tr>\n",
       "    <tr>\n",
       "      <th>3</th>\n",
       "      <td>0.258905</td>\n",
       "      <td>0.004374</td>\n",
       "      <td>0.736721</td>\n",
       "    </tr>\n",
       "    <tr>\n",
       "      <th>4</th>\n",
       "      <td>0.802602</td>\n",
       "      <td>0.107237</td>\n",
       "      <td>0.090161</td>\n",
       "    </tr>\n",
       "    <tr>\n",
       "      <th>5</th>\n",
       "      <td>0.154749</td>\n",
       "      <td>0.277061</td>\n",
       "      <td>0.568190</td>\n",
       "    </tr>\n",
       "    <tr>\n",
       "      <th>6</th>\n",
       "      <td>0.304686</td>\n",
       "      <td>0.185452</td>\n",
       "      <td>0.509862</td>\n",
       "    </tr>\n",
       "    <tr>\n",
       "      <th>7</th>\n",
       "      <td>0.157805</td>\n",
       "      <td>0.362926</td>\n",
       "      <td>0.479269</td>\n",
       "    </tr>\n",
       "    <tr>\n",
       "      <th>8</th>\n",
       "      <td>0.256977</td>\n",
       "      <td>0.649026</td>\n",
       "      <td>0.093997</td>\n",
       "    </tr>\n",
       "    <tr>\n",
       "      <th>9</th>\n",
       "      <td>0.433105</td>\n",
       "      <td>0.538364</td>\n",
       "      <td>0.028531</td>\n",
       "    </tr>\n",
       "    <tr>\n",
       "      <th>10</th>\n",
       "      <td>0.786286</td>\n",
       "      <td>0.157169</td>\n",
       "      <td>0.056545</td>\n",
       "    </tr>\n",
       "    <tr>\n",
       "      <th>11</th>\n",
       "      <td>0.371867</td>\n",
       "      <td>0.421505</td>\n",
       "      <td>0.206628</td>\n",
       "    </tr>\n",
       "    <tr>\n",
       "      <th>12</th>\n",
       "      <td>0.224416</td>\n",
       "      <td>0.063489</td>\n",
       "      <td>0.712095</td>\n",
       "    </tr>\n",
       "    <tr>\n",
       "      <th>13</th>\n",
       "      <td>0.416197</td>\n",
       "      <td>0.093380</td>\n",
       "      <td>0.490423</td>\n",
       "    </tr>\n",
       "    <tr>\n",
       "      <th>14</th>\n",
       "      <td>0.012795</td>\n",
       "      <td>0.877709</td>\n",
       "      <td>0.109496</td>\n",
       "    </tr>\n",
       "    <tr>\n",
       "      <th>15</th>\n",
       "      <td>0.495122</td>\n",
       "      <td>0.170265</td>\n",
       "      <td>0.334613</td>\n",
       "    </tr>\n",
       "    <tr>\n",
       "      <th>16</th>\n",
       "      <td>0.176281</td>\n",
       "      <td>0.045537</td>\n",
       "      <td>0.778182</td>\n",
       "    </tr>\n",
       "    <tr>\n",
       "      <th>17</th>\n",
       "      <td>0.227841</td>\n",
       "      <td>0.428292</td>\n",
       "      <td>0.343867</td>\n",
       "    </tr>\n",
       "    <tr>\n",
       "      <th>18</th>\n",
       "      <td>0.256408</td>\n",
       "      <td>0.717515</td>\n",
       "      <td>0.026077</td>\n",
       "    </tr>\n",
       "    <tr>\n",
       "      <th>19</th>\n",
       "      <td>0.331538</td>\n",
       "      <td>0.070343</td>\n",
       "      <td>0.598120</td>\n",
       "    </tr>\n",
       "    <tr>\n",
       "      <th>20</th>\n",
       "      <td>0.191249</td>\n",
       "      <td>0.123020</td>\n",
       "      <td>0.685732</td>\n",
       "    </tr>\n",
       "    <tr>\n",
       "      <th>21</th>\n",
       "      <td>0.284033</td>\n",
       "      <td>0.212305</td>\n",
       "      <td>0.503662</td>\n",
       "    </tr>\n",
       "    <tr>\n",
       "      <th>22</th>\n",
       "      <td>0.082113</td>\n",
       "      <td>0.876005</td>\n",
       "      <td>0.041882</td>\n",
       "    </tr>\n",
       "    <tr>\n",
       "      <th>23</th>\n",
       "      <td>0.718148</td>\n",
       "      <td>0.245144</td>\n",
       "      <td>0.036708</td>\n",
       "    </tr>\n",
       "    <tr>\n",
       "      <th>24</th>\n",
       "      <td>0.001895</td>\n",
       "      <td>0.578231</td>\n",
       "      <td>0.419875</td>\n",
       "    </tr>\n",
       "    <tr>\n",
       "      <th>25</th>\n",
       "      <td>0.456876</td>\n",
       "      <td>0.516205</td>\n",
       "      <td>0.026919</td>\n",
       "    </tr>\n",
       "    <tr>\n",
       "      <th>26</th>\n",
       "      <td>0.173696</td>\n",
       "      <td>0.048189</td>\n",
       "      <td>0.778115</td>\n",
       "    </tr>\n",
       "  </tbody>\n",
       "</table>\n",
       "</div>"
      ],
      "text/plain": [
       "           0         1         2\n",
       "0   0.097843  0.627614  0.274543\n",
       "1   0.729092  0.135465  0.135443\n",
       "2   0.020012  0.672618  0.307370\n",
       "3   0.258905  0.004374  0.736721\n",
       "4   0.802602  0.107237  0.090161\n",
       "5   0.154749  0.277061  0.568190\n",
       "6   0.304686  0.185452  0.509862\n",
       "7   0.157805  0.362926  0.479269\n",
       "8   0.256977  0.649026  0.093997\n",
       "9   0.433105  0.538364  0.028531\n",
       "10  0.786286  0.157169  0.056545\n",
       "11  0.371867  0.421505  0.206628\n",
       "12  0.224416  0.063489  0.712095\n",
       "13  0.416197  0.093380  0.490423\n",
       "14  0.012795  0.877709  0.109496\n",
       "15  0.495122  0.170265  0.334613\n",
       "16  0.176281  0.045537  0.778182\n",
       "17  0.227841  0.428292  0.343867\n",
       "18  0.256408  0.717515  0.026077\n",
       "19  0.331538  0.070343  0.598120\n",
       "20  0.191249  0.123020  0.685732\n",
       "21  0.284033  0.212305  0.503662\n",
       "22  0.082113  0.876005  0.041882\n",
       "23  0.718148  0.245144  0.036708\n",
       "24  0.001895  0.578231  0.419875\n",
       "25  0.456876  0.516205  0.026919\n",
       "26  0.173696  0.048189  0.778115"
      ]
     },
     "execution_count": 8,
     "metadata": {},
     "output_type": "execute_result"
    }
   ],
   "source": [
    "# Inisialisasi derajat keanggotaan awal\n",
    "weight = pd.DataFrame(np.random.dirichlet(np.ones(num_clusters), size=len(data)))\n",
    "weight"
   ]
  },
  {
   "cell_type": "code",
   "execution_count": 9,
   "metadata": {},
   "outputs": [
    {
     "name": "stdout",
     "output_type": "stream",
     "text": [
      "DataFrame telah disimpan ke file Excel di: weight_data.xlsx\n"
     ]
    }
   ],
   "source": [
    "# Menyimpan DataFrame ke file Excel\n",
    "file_path = \"weight_data.xlsx\"\n",
    "weight.to_excel(file_path, index=False, engine='openpyxl')\n",
    "\n",
    "print(f\"DataFrame telah disimpan ke file Excel di: {file_path}\")"
   ]
  },
  {
   "cell_type": "code",
   "execution_count": 10,
   "metadata": {},
   "outputs": [],
   "source": [
    "# Inisialisasi variabel\n",
    "p0 = 0  # Fungsi objektif awal\n",
    "max_change = float('inf')  # Awalnya diatur tak terhingga\n",
    "iteration_count = 0"
   ]
  },
  {
   "cell_type": "code",
   "execution_count": 11,
   "metadata": {},
   "outputs": [
    {
     "name": "stdout",
     "output_type": "stream",
     "text": [
      "\n",
      "Iteration 1\n",
      "Max Change: 235277433803.1227\n",
      "Cluster Centers (C):\n",
      "0    1021033.18\n",
      "1    1050633.82\n",
      "2    1068623.59\n",
      "dtype: object\n",
      "Membership Degrees (Weight):\n",
      "          L1        L2        L3\n",
      "0   0.417876  0.313727  0.268397\n",
      "1   0.422078  0.312444  0.265478\n",
      "2   0.427675  0.310695  0.261629\n",
      "3   0.434367  0.308548  0.257085\n",
      "4   0.442304  0.305924  0.251772\n",
      "5   0.449561  0.303453  0.246986\n",
      "6   0.458439  0.300340  0.241221\n",
      "7   0.468702  0.296624  0.234674\n",
      "8   0.480105  0.292352  0.227544\n",
      "9   0.134792  0.782305  0.082903\n",
      "10  0.206148  0.699785  0.094067\n",
      "11  0.011820  0.058851  0.929329\n",
      "12  0.079720  0.229546  0.690733\n",
      "13  0.120599  0.279487  0.599914\n",
      "14  0.137833  0.294237  0.567930\n",
      "15  0.182446  0.320272  0.497281\n",
      "16  0.206699  0.328768  0.464534\n",
      "17  0.209846  0.329633  0.460520\n",
      "18  0.220271  0.332149  0.447580\n",
      "19  0.229116  0.333883  0.437001\n",
      "20  0.236781  0.335109  0.428109\n",
      "21  0.248412  0.336509  0.415079\n",
      "22  0.158733  0.308359  0.532909\n",
      "23  0.175336  0.317108  0.507556\n",
      "24  0.189636  0.323147  0.487217\n",
      "25  0.200254  0.326834  0.472912\n",
      "26  0.158333  0.308123  0.533544\n",
      "\n",
      "Iteration 2\n",
      "Max Change: 107223611046.43266\n",
      "Cluster Centers (C):\n",
      "L1     945759.50\n",
      "L2    1050351.79\n",
      "L3    1102581.49\n",
      "dtype: object\n",
      "Membership Degrees (Weight):\n",
      "          L1        L2        L3\n",
      "0   0.684677  0.190566  0.124758\n",
      "1   0.703846  0.180207  0.115946\n",
      "2   0.729176  0.166255  0.104568\n",
      "3   0.758984  0.149468  0.091548\n",
      "4   0.793364  0.129634  0.077001\n",
      "5   0.823536  0.111829  0.064636\n",
      "6   0.858336  0.090840  0.050824\n",
      "7   0.894976  0.068221  0.036803\n",
      "8   0.930232  0.045937  0.023831\n",
      "9   0.007428  0.973875  0.018697\n",
      "10  0.011085  0.963483  0.025432\n",
      "11  0.019829  0.557090  0.423081\n",
      "12  0.003923  0.046589  0.949488\n",
      "13  0.000848  0.006823  0.992329\n",
      "14  0.005042  0.034667  0.960291\n",
      "15  0.032622  0.150034  0.817345\n",
      "16  0.057725  0.212920  0.729355\n",
      "17  0.061520  0.220444  0.718036\n",
      "18  0.075003  0.244028  0.680970\n",
      "19  0.087576  0.262288  0.650136\n",
      "20  0.099352  0.276721  0.623927\n",
      "21  0.118850  0.296020  0.585130\n",
      "22  0.014969  0.085235  0.899796\n",
      "23  0.026619  0.130535  0.842847\n",
      "24  0.039312  0.169415  0.791273\n",
      "25  0.050346  0.196990  0.752664\n",
      "26  0.014730  0.084173  0.901097\n",
      "\n",
      "Iteration 3\n",
      "Max Change: 85001177640.88327\n",
      "Cluster Centers (C):\n",
      "L1     881479.99\n",
      "L2    1059526.18\n",
      "L3    1138780.92\n",
      "dtype: object\n",
      "Membership Degrees (Weight):\n",
      "          L1        L2        L3\n",
      "0   0.925392  0.048016  0.026592\n",
      "1   0.945167  0.035569  0.019265\n",
      "2   0.967002  0.021621  0.011377\n",
      "3   0.985949  0.009312  0.004738\n",
      "4   0.998053  0.001307  0.000640\n",
      "5   0.999492  0.000345  0.000163\n",
      "6   0.989759  0.007039  0.003202\n",
      "7   0.965104  0.024314  0.010582\n",
      "8   0.924946  0.053030  0.022024\n",
      "9   0.011479  0.956993  0.031527\n",
      "10  0.014045  0.949522  0.036432\n",
      "11  0.005788  0.941646  0.052566\n",
      "12  0.016082  0.638605  0.345313\n",
      "13  0.013367  0.298625  0.688008\n",
      "14  0.008791  0.156500  0.834709\n",
      "15  0.000128  0.001288  0.998584\n",
      "16  0.007458  0.054558  0.937985\n",
      "17  0.009318  0.065397  0.925285\n",
      "18  0.017086  0.104410  0.878504\n",
      "19  0.025689  0.139325  0.834986\n",
      "20  0.034718  0.169514  0.795768\n",
      "21  0.051394  0.213221  0.735385\n",
      "22  0.002710  0.036821  0.960470\n",
      "23  0.000082  0.000898  0.999020\n",
      "24  0.001077  0.009840  0.989082\n",
      "25  0.004329  0.034454  0.961218\n",
      "26  0.002808  0.038359  0.958833\n",
      "\n",
      "Iteration 4\n",
      "Max Change: 19963732226.522995\n",
      "Cluster Centers (C):\n",
      "L1     873522.56\n",
      "L2    1063960.40\n",
      "L3    1154056.79\n",
      "dtype: object\n",
      "Membership Degrees (Weight):\n",
      "          L1        L2        L3\n",
      "0   0.948094  0.034092  0.017814\n",
      "1   0.965047  0.023143  0.011810\n",
      "2   0.982484  0.011717  0.005799\n",
      "3   0.995455  0.003076  0.001469\n",
      "4   0.999934  0.000045  0.000021\n",
      "5   0.994393  0.003886  0.001721\n",
      "6   0.976733  0.016330  0.006937\n",
      "7   0.944421  0.039537  0.016042\n",
      "8   0.898133  0.073468  0.028399\n",
      "9   0.016176  0.947310  0.036513\n",
      "10  0.019066  0.940049  0.040885\n",
      "11  0.002778  0.979387  0.017835\n",
      "12  0.014138  0.802328  0.183534\n",
      "13  0.018150  0.528024  0.453825\n",
      "14  0.016300  0.366756  0.616944\n",
      "15  0.002055  0.024444  0.973501\n",
      "16  0.001152  0.009718  0.989129\n",
      "17  0.002047  0.016504  0.981449\n",
      "18  0.006998  0.048565  0.944438\n",
      "19  0.013722  0.083715  0.902564\n",
      "20  0.021512  0.117191  0.861297\n",
      "21  0.036968  0.169047  0.793984\n",
      "22  0.010269  0.170895  0.818835\n",
      "23  0.004205  0.055296  0.940499\n",
      "24  0.000558  0.005996  0.993446\n",
      "25  0.000130  0.001199  0.998672\n",
      "26  0.010414  0.174286  0.815300\n",
      "\n",
      "Iteration 5\n",
      "Max Change: 1740303089.3039665\n",
      "Cluster Centers (C):\n",
      "L1     872460.09\n",
      "L2    1068455.42\n",
      "L3    1160573.47\n",
      "dtype: object\n",
      "Membership Degrees (Weight):\n",
      "          L1        L2        L3\n",
      "0   0.952202  0.031413  0.016385\n",
      "1   0.968323  0.020983  0.010693\n",
      "2   0.984662  0.010262  0.005075\n",
      "3   0.996433  0.002414  0.001153\n",
      "4   0.999788  0.000145  0.000067\n",
      "5   0.993606  0.004429  0.001965\n",
      "6   0.975726  0.017022  0.007252\n",
      "7   0.943905  0.039855  0.016240\n",
      "8   0.898919  0.072782  0.028298\n",
      "9   0.022761  0.930772  0.046467\n",
      "10  0.026148  0.923048  0.050804\n",
      "11  0.000940  0.993854  0.005207\n",
      "12  0.010894  0.872570  0.116536\n",
      "13  0.017550  0.641346  0.341103\n",
      "14  0.017734  0.484340  0.497926\n",
      "15  0.004571  0.061724  0.933705\n",
      "16  0.000136  0.001263  0.998602\n",
      "17  0.000545  0.004840  0.994615\n",
      "18  0.004032  0.030484  0.965484\n",
      "19  0.009747  0.064241  0.926012\n",
      "20  0.016857  0.098523  0.884620\n",
      "21  0.031615  0.153569  0.814817\n",
      "22  0.013586  0.265129  0.721285\n",
      "23  0.007349  0.110713  0.881939\n",
      "24  0.002173  0.026284  0.971543\n",
      "25  0.000133  0.001364  0.998503\n",
      "26  0.013712  0.269284  0.717004\n",
      "\n",
      "Iteration 6\n",
      "Max Change: 487279402.1169281\n",
      "Cluster Centers (C):\n",
      "L1     872365.63\n",
      "L2    1072718.18\n",
      "L3    1163877.35\n",
      "dtype: object\n",
      "Membership Degrees (Weight):\n",
      "              L1        L2        L3\n",
      "0   9.537391e-01  0.030242  0.016019\n",
      "1   9.694329e-01  0.020136  0.010431\n",
      "2   9.852746e-01  0.009796  0.004930\n",
      "3   9.966182e-01  0.002275  0.001107\n",
      "4   9.997788e-01  0.000151  0.000071\n",
      "5   9.937546e-01  0.004297  0.001949\n",
      "6   9.765006e-01  0.016361  0.007139\n",
      "7   9.459102e-01  0.038140  0.015950\n",
      "8   9.027392e-01  0.069474  0.027787\n",
      "9   3.001605e-02  0.911916  0.058068\n",
      "10  3.387510e-02  0.903707  0.062417\n",
      "11  9.331302e-05  0.999427  0.000480\n",
      "12  7.817771e-03  0.916115  0.076067\n",
      "13  1.553049e-02  0.716633  0.267836\n",
      "14  1.706835e-02  0.565755  0.417177\n",
      "15  6.090117e-03  0.092775  0.901135\n",
      "16  1.009540e-07  0.000001  0.999999\n",
      "17  1.488709e-04  0.001444  0.998407\n",
      "18  2.827902e-03  0.023119  0.974053\n",
      "19  7.967765e-03  0.056319  0.935713\n",
      "20  1.467413e-02  0.091363  0.893963\n",
      "21  2.898294e-02  0.148536  0.822481\n",
      "22  1.468378e-02  0.334677  0.650640\n",
      "23  9.005135e-03  0.154531  0.836464\n",
      "24  3.344182e-03  0.045213  0.951443\n",
      "25  5.310121e-04  0.006027  0.993442\n",
      "26  1.478335e-02  0.339299  0.645918\n",
      "\n",
      "Iteration 7\n",
      "Max Change: 233630995.99273682\n",
      "Cluster Centers (C):\n",
      "L1     872398.59\n",
      "L2    1076211.27\n",
      "L3    1165955.30\n",
      "dtype: object\n",
      "Membership Degrees (Weight):\n",
      "          L1        L2        L3\n",
      "0   0.954672  0.029466  0.015862\n",
      "1   0.970075  0.019600  0.010326\n",
      "2   0.985592  0.009527  0.004881\n",
      "3   0.996685  0.002215  0.001099\n",
      "4   0.999791  0.000142  0.000068\n",
      "5   0.993970  0.004120  0.001910\n",
      "6   0.977283  0.015702  0.007015\n",
      "7   0.947715  0.036589  0.015695\n",
      "8   0.905997  0.066619  0.027384\n",
      "9   0.036547  0.895126  0.068327\n",
      "10  0.040777  0.886579  0.072644\n",
      "11  0.000058  0.999658  0.000284\n",
      "12  0.005532  0.943683  0.050785\n",
      "13  0.013492  0.770086  0.216422\n",
      "14  0.015900  0.626517  0.357582\n",
      "15  0.007065  0.119384  0.873550\n",
      "16  0.000046  0.000511  0.999442\n",
      "17  0.000027  0.000279  0.999694\n",
      "18  0.002175  0.018992  0.978833\n",
      "19  0.006931  0.051940  0.941129\n",
      "20  0.013362  0.087687  0.898951\n",
      "21  0.027348  0.146519  0.826132\n",
      "22  0.014938  0.390033  0.595029\n",
      "23  0.009956  0.191189  0.798854\n",
      "24  0.004172  0.062053  0.933774\n",
      "25  0.000914  0.011283  0.987803\n",
      "26  0.015013  0.394959  0.590028\n",
      "\n",
      "Iteration 8\n",
      "Max Change: 134280855.8504982\n",
      "Cluster Centers (C):\n",
      "L1     872442.09\n",
      "L2    1078966.83\n",
      "L3    1167453.24\n",
      "dtype: object\n",
      "Membership Degrees (Weight):\n",
      "              L1            L2        L3\n",
      "0   9.553372e-01  2.889839e-02  0.015764\n",
      "1   9.705259e-01  1.921120e-02  0.010263\n",
      "2   9.858080e-01  9.336903e-03  0.004855\n",
      "3   9.967237e-01  2.178215e-03  0.001098\n",
      "4   9.998026e-01  1.327807e-04  0.000065\n",
      "5   9.941464e-01  3.976656e-03  0.001877\n",
      "6   9.778975e-01  1.518652e-02  0.006916\n",
      "7   9.491080e-01  3.539362e-02  0.015498\n",
      "8   9.084866e-01  6.443434e-02  0.027079\n",
      "9   4.202598e-02  8.813085e-01  0.076665\n",
      "10  4.653608e-02  8.725435e-01  0.080920\n",
      "11  4.496450e-04  9.974141e-01  0.002136\n",
      "12  3.948724e-03  9.612615e-01  0.034790\n",
      "13  1.177312e-02  8.087302e-01  0.179497\n",
      "14  1.472918e-02  6.727308e-01  0.312540\n",
      "15  7.750238e-03  1.426616e-01  0.849588\n",
      "16  1.425003e-04  1.676123e-03  0.998181\n",
      "17  8.853391e-09  9.836546e-08  1.000000\n",
      "18  1.756082e-03  1.617015e-02  0.982074\n",
      "19  6.224179e-03  4.890212e-02  0.944874\n",
      "20  1.244746e-02  8.522716e-02  0.902325\n",
      "21  2.618688e-02  1.453842e-01  0.828429\n",
      "22  1.486602e-02  4.350067e-01  0.550127\n",
      "23  1.055753e-02  2.225517e-01  0.766891\n",
      "24  4.798724e-03  7.719386e-02  0.918007\n",
      "25  1.250383e-03  1.653822e-02  0.982211\n",
      "26  1.491900e-02  4.401225e-01  0.544958\n",
      "\n",
      "Iteration 9\n",
      "Max Change: 81935463.11119461\n",
      "Cluster Centers (C):\n",
      "L1     872480.83\n",
      "L2    1081130.42\n",
      "L3    1168604.38\n",
      "dtype: object\n",
      "Membership Degrees (Weight):\n",
      "          L1        L2        L3\n",
      "0   0.955836  0.028470  0.015694\n",
      "1   0.970862  0.018920  0.010218\n",
      "2   0.985966  0.009196  0.004838\n",
      "3   0.996750  0.002152  0.001098\n",
      "4   0.999812  0.000126  0.000062\n",
      "5   0.994284  0.003866  0.001850\n",
      "6   0.978370  0.014792  0.006838\n",
      "7   0.950172  0.034484  0.015344\n",
      "8   0.910382  0.062777  0.026841\n",
      "9   0.046511  0.870215  0.083274\n",
      "10  0.051234  0.861308  0.087458\n",
      "11  0.001014  0.994287  0.004699\n",
      "12  0.002868  0.972641  0.024491\n",
      "13  0.010399  0.837010  0.152592\n",
      "14  0.013694  0.708122  0.278184\n",
      "15  0.008255  0.162947  0.828798\n",
      "16  0.000252  0.003119  0.996629\n",
      "17  0.000014  0.000169  0.999816\n",
      "18  0.001463  0.014064  0.984472\n",
      "19  0.005705  0.046555  0.947740\n",
      "20  0.011764  0.083331  0.904905\n",
      "21  0.025308  0.144552  0.830140\n",
      "22  0.014666  0.471576  0.513758\n",
      "23  0.010958  0.249324  0.739719\n",
      "24  0.005290  0.090701  0.904009\n",
      "25  0.001542  0.021561  0.976898\n",
      "26  0.014701  0.476803  0.508496\n",
      "\n",
      "Iteration 10\n",
      "Max Change: 51283725.04514313\n",
      "Cluster Centers (C):\n",
      "L1     872513.52\n",
      "L2    1082834.28\n",
      "L3    1169513.22\n",
      "dtype: object\n",
      "Membership Degrees (Weight):\n",
      "          L1        L2        L3\n",
      "0   0.956217  0.028143  0.015640\n",
      "1   0.971118  0.018698  0.010185\n",
      "2   0.986085  0.009090  0.004825\n",
      "3   0.996769  0.002132  0.001099\n",
      "4   0.999820  0.000120  0.000060\n",
      "5   0.994392  0.003780  0.001829\n",
      "6   0.978736  0.014488  0.006776\n",
      "7   0.950992  0.033786  0.015222\n",
      "8   0.911841  0.061508  0.026651\n",
      "9   0.050149  0.861372  0.088479\n",
      "10  0.055035  0.852370  0.092595\n",
      "11  0.001615  0.991046  0.007339\n",
      "12  0.002127  0.980144  0.017729\n",
      "13  0.009319  0.857940  0.132741\n",
      "14  0.012823  0.735352  0.251826\n",
      "15  0.008635  0.180409  0.810957\n",
      "16  0.000360  0.004644  0.994996\n",
      "17  0.000047  0.000576  0.999377\n",
      "18  0.001251  0.012439  0.986310\n",
      "19  0.005310  0.044668  0.950022\n",
      "20  0.011238  0.081790  0.906973\n",
      "21  0.024624  0.143867  0.831509\n",
      "22  0.014424  0.501196  0.484380\n",
      "23  0.011230  0.271953  0.716816\n",
      "24  0.005680  0.102561  0.891759\n",
      "25  0.001791  0.026197  0.972013\n",
      "26  0.014445  0.506481  0.479073\n",
      "\n",
      "Iteration 11\n",
      "Max Change: 32488666.86946869\n",
      "Cluster Centers (C):\n",
      "L1     872540.71\n",
      "L2    1084180.98\n",
      "L3    1170238.63\n",
      "dtype: object\n",
      "Membership Degrees (Weight):\n",
      "          L1        L2        L3\n",
      "0   0.956512  0.027890  0.015598\n",
      "1   0.971315  0.018527  0.010158\n",
      "2   0.986177  0.009008  0.004815\n",
      "3   0.996783  0.002118  0.001099\n",
      "4   0.999826  0.000116  0.000058\n",
      "5   0.994476  0.003712  0.001812\n",
      "6   0.979022  0.014252  0.006726\n",
      "7   0.951630  0.033246  0.015124\n",
      "8   0.912974  0.060527  0.026499\n",
      "9   0.053087  0.854336  0.092577\n",
      "10  0.058099  0.845269  0.096631\n",
      "11  0.002186  0.988034  0.009780\n",
      "12  0.001614  0.985182  0.013204\n",
      "13  0.008475  0.873596  0.117929\n",
      "14  0.012106  0.756391  0.231503\n",
      "15  0.008924  0.195238  0.795838\n",
      "16  0.000460  0.006132  0.993409\n",
      "17  0.000087  0.001095  0.998818\n",
      "18  0.001092  0.011170  0.987738\n",
      "19  0.005004  0.043133  0.951863\n",
      "20  0.010826  0.080518  0.908656\n",
      "21  0.024085  0.143284  0.832631\n",
      "22  0.014182  0.525082  0.460735\n",
      "23  0.011418  0.290876  0.697705\n",
      "24  0.005991  0.112802  0.881207\n",
      "25  0.002001  0.030354  0.967645\n",
      "26  0.014192  0.530395  0.455413\n",
      "\n",
      "Iteration 12\n",
      "Max Change: 20696531.321022034\n",
      "Cluster Centers (C):\n",
      "L1     872563.16\n",
      "L2    1085248.28\n",
      "L3    1170820.00\n",
      "dtype: object\n",
      "Membership Degrees (Weight):\n",
      "          L1        L2        L3\n",
      "0   0.956742  0.027693  0.015564\n",
      "1   0.971468  0.018394  0.010138\n",
      "2   0.986247  0.008945  0.004808\n",
      "3   0.996793  0.002107  0.001100\n",
      "4   0.999831  0.000112  0.000057\n",
      "5   0.994542  0.003660  0.001798\n",
      "6   0.979246  0.014068  0.006686\n",
      "7   0.952130  0.032824  0.015045\n",
      "8   0.913861  0.059762  0.026377\n",
      "9   0.055454  0.848739  0.095807\n",
      "10  0.060564  0.839627  0.099809\n",
      "11  0.002698  0.985381  0.011921\n",
      "12  0.001256  0.988625  0.010118\n",
      "13  0.007817  0.885419  0.106764\n",
      "14  0.011523  0.772713  0.215764\n",
      "15  0.009145  0.207680  0.783175\n",
      "16  0.000548  0.007511  0.991941\n",
      "17  0.000128  0.001646  0.998226\n",
      "18  0.000973  0.010173  0.988854\n",
      "19  0.004766  0.041883  0.953352\n",
      "20  0.010501  0.079468  0.910031\n",
      "21  0.023657  0.142787  0.833555\n",
      "22  0.013959  0.544277  0.441764\n",
      "23  0.011549  0.306548  0.681903\n",
      "24  0.006239  0.121512  0.872249\n",
      "25  0.002176  0.033996  0.963828\n",
      "26  0.013960  0.549598  0.436442\n",
      "\n",
      "Iteration 13\n",
      "Max Change: 13212620.852153778\n",
      "Cluster Centers (C):\n",
      "L1     872581.59\n",
      "L2    1086095.64\n",
      "L3    1171286.42\n",
      "dtype: object\n",
      "Membership Degrees (Weight):\n",
      "          L1        L2        L3\n",
      "0   0.956922  0.027539  0.015538\n",
      "1   0.971588  0.018290  0.010122\n",
      "2   0.986302  0.008896  0.004802\n",
      "3   0.996801  0.002098  0.001101\n",
      "4   0.999835  0.000110  0.000056\n",
      "5   0.994595  0.003618  0.001787\n",
      "6   0.979423  0.013923  0.006654\n",
      "7   0.952524  0.032494  0.014982\n",
      "8   0.914558  0.059164  0.026278\n",
      "9   0.057356  0.844286  0.098358\n",
      "10  0.062543  0.835142  0.102316\n",
      "11  0.003141  0.983117  0.013742\n",
      "12  0.001003  0.991019  0.007978\n",
      "13  0.007302  0.894424  0.098274\n",
      "14  0.011053  0.785423  0.203525\n",
      "15  0.009316  0.218011  0.772673\n",
      "16  0.000625  0.008744  0.990631\n",
      "17  0.000166  0.002181  0.997653\n",
      "18  0.000882  0.009389  0.989729\n",
      "19  0.004578  0.040866  0.954555\n",
      "20  0.010243  0.078604  0.911152\n",
      "21  0.023317  0.142368  0.834315\n",
      "22  0.013762  0.559659  0.426579\n",
      "23  0.011641  0.319422  0.668936\n",
      "24  0.006437  0.128825  0.864738\n",
      "25  0.002321  0.037125  0.960554\n",
      "26  0.013756  0.564977  0.421267\n",
      "\n",
      "Iteration 14\n",
      "Max Change: 8437731.06470871\n",
      "Cluster Centers (C):\n",
      "L1     872596.64\n",
      "L2    1086769.11\n",
      "L3    1171660.53\n",
      "dtype: object\n",
      "Membership Degrees (Weight):\n",
      "          L1        L2        L3\n",
      "0   0.957064  0.027419  0.015517\n",
      "1   0.971682  0.018209  0.010109\n",
      "2   0.986345  0.008858  0.004797\n",
      "3   0.996807  0.002092  0.001101\n",
      "4   0.999838  0.000108  0.000055\n",
      "5   0.994637  0.003585  0.001778\n",
      "6   0.979563  0.013809  0.006628\n",
      "7   0.952835  0.032233  0.014931\n",
      "8   0.915108  0.058693  0.026199\n",
      "9   0.058881  0.840743  0.100375\n",
      "10  0.064129  0.831575  0.104296\n",
      "11  0.003516  0.981222  0.015263\n",
      "12  0.000821  0.992710  0.006469\n",
      "13  0.006899  0.901334  0.091767\n",
      "14  0.010675  0.795353  0.193972\n",
      "15  0.009447  0.226517  0.764036\n",
      "16  0.000689  0.009819  0.989491\n",
      "17  0.000200  0.002674  0.997126\n",
      "18  0.000813  0.008771  0.990417\n",
      "19  0.004430  0.040043  0.955527\n",
      "20  0.010039  0.077898  0.912064\n",
      "21  0.023046  0.142016  0.834938\n",
      "22  0.013593  0.571960  0.414447\n",
      "23  0.011706  0.329929  0.658364\n",
      "24  0.006594  0.134902  0.858504\n",
      "25  0.002440  0.039772  0.957787\n",
      "26  0.013581  0.577271  0.409148\n",
      "\n",
      "Iteration 15\n",
      "Max Change: 5385408.033756256\n",
      "Cluster Centers (C):\n",
      "L1     872608.88\n",
      "L2    1087304.69\n",
      "L3    1171960.36\n",
      "dtype: object\n",
      "Membership Degrees (Weight):\n",
      "          L1        L2        L3\n",
      "0   0.957176  0.027324  0.015501\n",
      "1   0.971756  0.018145  0.010099\n",
      "2   0.986378  0.008828  0.004794\n",
      "3   0.996811  0.002087  0.001102\n",
      "4   0.999840  0.000106  0.000054\n",
      "5   0.994670  0.003559  0.001770\n",
      "6   0.979674  0.013719  0.006607\n",
      "7   0.953081  0.032028  0.014891\n",
      "8   0.915543  0.058321  0.026135\n",
      "9   0.060104  0.837924  0.101972\n",
      "10  0.065399  0.828739  0.105862\n",
      "11  0.003828  0.979656  0.016515\n",
      "12  0.000689  0.993923  0.005388\n",
      "13  0.006584  0.906669  0.086747\n",
      "14  0.010373  0.803135  0.186492\n",
      "15  0.009549  0.233472  0.756979\n",
      "16  0.000743  0.010738  0.988519\n",
      "17  0.000230  0.003111  0.996659\n",
      "18  0.000759  0.008283  0.990958\n",
      "19  0.004313  0.039378  0.956309\n",
      "20  0.009877  0.077322  0.912802\n",
      "21  0.022830  0.141725  0.835445\n",
      "22  0.013451  0.581783  0.404766\n",
      "23  0.011753  0.338459  0.649788\n",
      "24  0.006720  0.139907  0.853373\n",
      "25  0.002537  0.041984  0.955478\n",
      "26  0.013435  0.587084  0.399482\n",
      "\n",
      "Iteration 16\n",
      "Max Change: 3433971.401397705\n",
      "Cluster Centers (C):\n",
      "L1     872618.79\n",
      "L2    1087730.75\n",
      "L3    1172200.41\n",
      "dtype: object\n",
